104
106
109
111
114
118
122
127
131
137
142
148
155
161
168
176
184
193
201
210
219
229
239
249
259
270
281
292
304
315
327
339
352
364
377
390
403
416
428
442
455
469
482
495
509
522
536
549
562
576
589
602
615
629
641
654
666
678
690
703
714
726
738
749
760
770
781
790
800
810
819
827
836
844
852
860
866
873
879
885
891
896
900
904
908
912
915
917
920
921
922
923
923
923
923
922
920
919
916
914
910
907
903
898
894
888
883
877
870
86