635

370

165

103

210

443

704

887

916

606

831

926

850

635

370

165

103

210

443

704

887

916

606

831

926

850

635

370

165

103

210

443

704

887

916


667
67
6

693
70
7


726
73
7


757
76
7


91
9


805
69
5


309
20
1


114
1


376
50
6


851
90
9


825
72
5

464
33
2


106
10
1


348
47
6


83
9


904
84
7


494
36
2


111
1


215
32
4


709
81
8


912
86
7

655
52
3


177
11
1


195
29
4


68
7


918
91
8


682
55
4


195
1


118
17
2


524
65
7


912
92
8

814
70
5


321
21
1


111
16
2


49
6


843
90
9


834
73
6


348
2


108
10
1


336
46
5


825
89
9

908
85
7


507
37
2


114
10
1


31
4


697
80
8


915
86
7


536
4


185
12
1


187
28
4


671
78
8

916
92
8


694
56
4


203
13
1


17
2


510
64
7


909
92
8


720
5


333
22
1


108
15
2


481
61


835
90
9


842
74
6


360
24
1


10
1


324
45
5


816
88
9


859
7


520
38
2


118
10
1


298
42
5

685
79
8


918
87
7


550
41
2


12
1


179
27
3


658
77
8


922
8


706
58
4


212
13
1


162
25


497
63
7


906
92
8


732
60
4


23
1


106
14
2


467
60
7


895
9


850
75
6


373
25
1


103
13


312
43
5


807
88
9


865
77
6


40
2


122
10
1


288
41
5


786
8


920
88
8


563
43
3


132
10


171
26
3


645
76
8


923
89
8


59
4


222
14
1


156
24
3


617
7


902
92
9


743
62
4


243
15


104
14
2


454
58
7


891
92
9


76
6


386
26
1


102
13
1


42
5


798
87
9


872
79
6


414
29


126
10
1


276
39
5


776
86
9


88
8


577
44
3


137
10
1


252
3


633
75
8


923
89
8


606
47


231
15
1


149
23
3


604
72
8


92
9


754
63
5


253
16
1


136
2


441
57
7


885
92
9


777
66


398
27
1


102
12
1


412
54
6


87
9


879
79
6


427
30
2


10
1


265
38
5


766
85
9


891
82


590
45
3


142
10
1


242
35
4


74
8


924
90
8


619
48
3


15
1


143
22
3


591
71
8


923
91


765
64
5


264
17
1


131
20
3


56
6


879
92
9


788
67
5


28
1


102
12
1


399
53
6


865
91


885
80
7


440
31
2


103
11
1

255
37
5
